20190804100123,1
20190804100233,1
20190804100758,1
20190804101122,1
20190804101249,1
20190804101417,1
20190804101657,1
20190804102209,1
20190804102921,1
20190804103443,2
20190804103917,3
20190808102857,4
20190808103042,5
20190809114911,6
20190809115248,7
20190809115519,8
20190809125048,9
20190809125413,10
20190809125749,11
20190809130240,12
20190809214317,13
20190809215303,14
20190809220517,15
20190809222221,16
20190809222446,17
20190809222810,18
20190810044624,19
20190810065823,20
20190810101038,21
20190810102012,22
20190810102255,23
20190810104859,24
20190811083303,25
20190811085441,26
20190811085934,27
20190811100002,28
20190811100845,29
20190811101501,30
20190811102634,31
20190811104804,32
20190812090948,33
20190812100129,34
20190818091838,35
20190820100523,36
20190820103708,37
20190820104023,38
20190820104452,39
20190820104956,40
20190821085845,41
20190823101751,42
20190823101906,42
20190823102353,42
20190823102618,42
20190823204034,42
20190909105639,43
20190914065653,44
20190914070315,45
20190914070634,46
20190914072810,47
20190914100710,48
20190914102310,49
20190915052704,50
